ID:SYS-003000	PO No:000000000	Variety :A2	Date:05-Jan-2025	Time:01:14:30 PM	Party:-
Station:ABC	Identifier :123456789	Tested for:000	RH (%):22.2	Temperature (°C):23.4
#	Test_No		A	B	C	D	E	F	G	H	I	J	K	L	M	N	O	P	Q	R	S	T
1	123456789	28.92	23.85	82.47	31.9	6.83	4.46	0.86	0.00	0.00	6.08	70.8	7.5	51-1	78	0.5495	4	324	8.8	170.59	0
2	123456789	29.8	24.83	83.32	32.11	6.95	4.66	0.86	0.00	0.00	6.37	73.6	9.4	32-2	35	0.2004	2	343	8.1	171.09	0
3	123456789	27.86	22.66	81.34	29.97	6.95	4.57	0.86	0.00	0.00	10.93	73.2	9.3	32-2	77	0.4782	4	318	10	148.6	0
4	123456789	27.5	22.26	80.95	30.1	6.59	4.74	0.87	0.00	0.00	11.52	73.4	10	32-1	57	0.4461	4	278	10.4	141.36	0
5	123456789	28.6	23.49	82.13	30.72	6.45	4.5	0.86	0.00	0.00	10.82	70.7	7.6	51-1	59	0.4786	4	194	9.1	160.36	0
6	123456789	29.29	24.27	82.86	30.04	6.53	4.52	0.86	0.00	0.00	10.06	74.3	9.1	31-4	29	0.2752	3	294	8.5	161.3	0
7	123456789	27.82	22.62	81.31	28.91	6.45	4.17	0.85	0.00	0.00	11.36	70.3	7.8	51-3	58	0.3716	3	294	10	156.82	0
8	123456789	28.65	23.55	82.2	34.08	6.95	4.52	0.86	0.00	0.00	10.91	72.1	9.8	32-2	58	0.5142	4	340	9.1	177.56	0
9	123456789	26.39	21.02	79.65	26.52	6.26	4.53	0.86	0.00	0.00	10.35	70.9	11.3	33-1	84	0.5828	4	231	12	123.06	0
10	123456789	26.81	21.5	80.19	25.3	6.45	4.59	0.86	0.00	0.00	10.64	72.6	10.1	32-2	73	0.4723	4	194	11.3	118.51	0
11	123456789	27.8	22.6	81.29	29.62	6.59	4.78	0.87	0	0	11.30	72.8	8.4	41-3	31	0.2975	3	291	10	140.04	0
12	123456789	28.08	22.91	81.59	31.99	6.71	4.66	0.86	0	0	11.29	72.8	8.3	41-3	38	0.2633	2	269	9.7	157.27	0
13	123456789	29.57	24.58	83.12	29.98	6.71	4.53	0.86	0	0	10.06	70.2	9.4	42-1	78	0.5911	4	275	8.3	162.67	0
14	123456789	28.07	22.9	81.58	29.78	6.38	4.42	0.86	0	0	10.35	72.5	10.2	32-2	46	0.3654	3	222	9.7	154.29	0
15	123456789	28.68	23.58	82.22	28.14	6.26	4.45	0.86	0	0	10.04	74.5	7.8	41-1	50	0.3362	3	168	9.1	149.11	0
16	123456789	29.12	24.08	82.69	29.88	6.66	4.46	0.86	0	0	10.64	72.6	8.3	41-3	44	0.2216	2	282	8.6	161.33	0
17	123456789	28.74	23.66	82.32	31.95	6.66	4.57	0.86	0	0	10.33	68.3	7	51-2	88	0.5587	4	260	9	165.41	0
18	123456789	28.41	23.28	81.94	32.37	6.59	4.3	0.85	0	0	11.84	72.1	9.4	42-1	43	0.2435	2	245	9.3	175.25	0
19	123456789	28.19	23.04	81.73	31.53	6.77	4.63	0.86	0	0	11.48	72	8.9	42-1	34	0.1878	2	314	9.5	156.9	0
20	123456789	27.35	22.1	80.8	31.27	6.83	4.65	0.86	0	0	8.73	72.6	9.7	32-2	51	0.236	2	315	10.6	148.62	0
Average		28.28	23.14	81.79	30.31	6.63	4.54	0.86	0.0	0.00	10.26	72.1	9.0	42-1	56	0.38	3	272	9.56	155.01
Minimum		26.39	21.02	79.65	25.30	6.26	4.17	0.85	0.0	0.00	6.08	68.3	7.0		29	0.19	2	168	8.10	118.51
Maximum		29.80	24.83	83.32	34.08	6.95	4.78	0.87	0.0	0.00	11.84	74.5	11.3		88	0.59	4	343	12.00	177.56
SD		0.88	0.98	0.94	2.05	0.21	0.14	0.00	0.00	0.00	1.55	1.52	1.10		18.63	0.14	0.88		0.99	15.54
CV %		3.11	4.24	1.15	6.76	3.17	3.08	0.00	0.00	0.00	15.11	2.11	12.22		33.27	36.84	29.33		10.36	10.03
